image_width: 1920
image_height: 1080
camera_name: usb_camera
camera_matrix:
  rows: 3
  cols: 3
  data: [1064.8303383968, 0.0000000000, 902.5979747819, 0.0000000000, 1060.5923092540, 527.7841165708, 0.0000000000, 0.0000000000, 1.0000000000]
distortion_model: equidistant
distortion_coefficients:
  rows: 1
  cols: 4
  data: [-0.0914506436, -0.0485901481, 0.0405644039, -0.0037854792]
rectification_matrix:
  rows: 3
  cols: 3
  data: [1.0000000000, 0.0000000000, 0.0000000000, 0.0000000000, 1.0000000000, 0.0000000000, 0.0000000000, 0.0000000000, 1.0000000000]
projection_matrix:
  rows: 3
  cols: 4
  data: [936.0303568214, 0.0000000000, 809.3190983904, 0.0000000000, 0.0000000000, 932.3049521370, 522.5222597431, 0.0000000000, 0.0000000000, 0.0000000000, 1.0000000000, 0.0000000000]
